# EXCH2 Package: Wrapper-2 User Choice
#--------------------
#  preDefTopol   :: pre-defined Topology selector:
#                :: = 0 : topology defined from processing "data.exch2";
#                :: = 1 : simple, single facet topology;
#                :: = 2 : customized topology (w2_set_myown_facets)
#                :: = 3 : 6-facet Cube (3 face-dims: nRed, nGreen, nBlue).
#  dimsFacets    :: facet pair of dimensions (n1x,n1y, n2x,n2y ...)
#  facetEdgeLink :: Face-Edge connectivity map:
#    facetEdgeLink(i,j)=XX.1 : face(j)-edge(i) (i=1,2,3,4 <==> N,S,E,W)
#    is connected to Northern edge of face "XX" ; similarly,
#    = XX.2 : to Southern.E, XX.3 = Eastern.E, XX.4 = Western.E of face "XX"
#  blankList     :: List of "blank" tiles
#  W2_mapIO      :: global map IO selector (-1 = old type ; 0 = 1 long line in X
#                :: 1 = compact, mostly in Y dir)
#  W2_printMsg   :: option for information messages printing
#                :: <0 : write to log file ; =0 : minimum print ; 
#                :: =1 : no duplicated print ; =2 : all processes do print
#--------------------
 &W2_EXCH2_PARM01
# W2_printMsg= 1,
  W2_mapIO   = 1,
#
#-- 5 facets llc_270 topology (drop facet 6 and its connection):
  preDefTopol = 0,
  dimsFacets = 270, 450, 0, 0, 270, 270, 180, 270, 450, 270, 0, 0,
  facetEdgeLink(1,1)= 3.4, 0. , 0. , 5.1,
  facetEdgeLink(1,2)= 0. , 0. , 0. , 0. ,
  facetEdgeLink(1,3)= 5.4, 0. , 4.4, 1.1,
  facetEdgeLink(1,4)= 0. , 0. , 0. , 3.3,
  facetEdgeLink(1,5)= 1.4, 0. , 0. , 3.1,
#
  blankList =
 1,
 2,
 3,
 4,
 5,
 6,
 7,
 8,
 9,
 10,
 11,
 12,
 13,
 14,
 15,
 16,
 17,
 18,
 31,
 32,
 33,
 34,
 35,
 36,
 49,
 50,
 51,
 52,
 53,
 54,
 66,
 67,
 68,
 69,
 70,
 71,
 72,
 84,
 85,
 86,
 87,
 88,
 89,
 90,
 102,
 103,
 104,
 105,
 106,
 107,
 108,
 120,
 121,
 122,
 123,
 124,
 125,
 126,
 138,
 139,
 140,
 141,
 142,
 143,
 144,
 155,
 156,
 157,
 158,
 159,
 160,
 161,
 162,
 173,
 174,
 175,
 176,
 177,
 178,
 179,
 180,
 190,
 191,
 192,
 193,
 194,
 195,
 196,
 197,
 198,
 204,
 205,
 206,
 207,
 208,
 209,
 210,
 211,
 212,
 213,
 214,
 215,
 216,
 222,
 223,
 224,
 225,
 226,
 227,
 228,
 229,
 230,
 231,
 232,
 233,
 234,
 240,
 241,
 242,
 243,
 244,
 245,
 246,
 247,
 248,
 249,
 250,
 251,
 252,
 258,
 259,
 260,
 261,
 262,
 263,
 264,
 265,
 266,
 267,
 268,
 269,
 270,
 277,
 278,
 279,
 280,
 281,
 282,
 283,
 284,
 285,
 286,
 287,
 288,
 296,
 297,
 298,
 299,
 300,
 301,
 302,
 303,
 304,
 305,
 306,
 314,
 315,
 316,
 317,
 318,
 319,
 320,
 321,
 322,
 323,
 324,
 331,
 332,
 333,
 334,
 335,
 336,
 337,
 338,
 339,
 340,
 341,
 342,
 351,
 352,
 353,
 354,
 355,
 356,
 357,
 358,
 359,
 360,
 369,
 370,
 371,
 372,
 373,
 374,
 375,
 376,
 377,
 378,
 388,
 389,
 390,
 391,
 392,
 393,
 394,
 395,
 396,
 407,
 408,
 409,
 410,
 411,
 412,
 413,
 414,
 425,
 426,
 427,
 428,
 429,
 430,
 431,
 432,
 443,
 444,
 445,
 446,
 447,
 448,
 449,
 450,
 460,
 461,
 462,
 463,
 464,
 465,
 466,
 467,
 468,
 479,
 480,
 481,
 482,
 483,
 484,
 485,
 486,
 498,
 499,
 500,
 501,
 502,
 503,
 504,
 516,
 517,
 518,
 519,
 520,
 522,
 523,
 540,
 549,
 550,
 551,
 552,
 553,
 554,
 556,
 557,
 558,
 569,
 575,
 576,
 593,
 594,
 744,
 760,
 761,
 762,
 777,
 778,
 779,
 780,
 781,
 793,
 794,
 795,
 796,
 797,
 798,
 799,
 802,
 811,
 812,
 813,
 814,
 815,
 820,
 821,
 829,
 830,
 831,
 832,
 847,
 848,
 849,
 850,
 864,
 865,
 866,
 867,
 868,
 869,
 874,
 875,
 876,
 877,
 878,
 879,
 880,
 886,
 887,
 888,
 889,
 890,
 891,
 892,
 898,
 899,
 900,
 901,
 902,
 903,
 904,
 910,
 911,
 912,
 914,
 915,
 916,
 922,
 923,
 924,
 926,
 927,
 928,
 934,
 935,
 936,
 938,
 939,
 940,
 946,
 947,
 948,
 958,
 959,
 960,
 970,
 971,
 972,
 982,
 983,
 984,
 994,
 995,
 996,
 998,
 1001,
 1006,
 1007,
 1008,
 1010,
 1011,
 1012,
 1013,
 1018,
 1019,
 1020,
 1022,
 1023,
 1024,
 1030,
 1031,
 1032,
 1034,
 1035,
 1036,
 1042,
 1043,
 1044,
 1046,
 1047,
 1048,
 1054,
 1055,
 1056,
 1057,
 1058,
 1059,
 1060,
 1061,
 1066,
 1067,
 1068,
 1069,
 1070,
 1071,
 1072,
 1073,
 1074,
 1078,
 1079,
 1080,
 1081,
 1082,
 1083,
 1084,
 1085,
 1086,
 1087,
 1088,
 1089,
 1090,
 1091,
 1092,
 1093,
 1094,
 1095,
 1096,
 1097,
 1098,
 1099,
 1100,
 1101,
 1102,
 1103,
 1104,
 1105,
 1106,
 1107,
 1108,
 1109,
 1110,
 1111,
 1112,
 1113,
 1114,
 1115,
 1116,
 1117,
 1118,
 1119,
 1120,
 1121,
 1122,
 1123,
 1124,
 1125,
 1126,
 1127,
 1128,
 1129,
 1130,
 1131,
 1132,
 1133,
 1134,
 1135,
 1136,
 1137,
 1138,
 1139,
 1140,
 1142,
 1143,
 1144,
 1145,
 1146,
 1147,
 1148,
 1149,
 1150,
 1151,
 1152,
 1153,
 1154,
 1155,
 1156,
 1157,
 1158,
 1159,
 1160,
 1161,
 1162,
 1163,
 1164,
 1165,
 1166,
 1167,
 1168,
 1169,
 1170,
 1172,
 1173,
 1174,
 1175,
 1176,
 1177,
 1178,
 1179,
 1180,
 1181,
 1182,
 1183,
 1184,
 1185,
 1186,
 1187,
 1188,
 1189,
 1190,
 1191,
 1192,
 1193,
 1194,
 1195,
 1196,
 1197,
 1198,
 1199,
 1200,
 1201,
 1202,
 1203,
 1204,
 1205,
 1206,
 1207,
 1208,
 1209,
 1210,
 1211,
 1212,
 1213,
 1214,
 1215,
 1216,
 1217,
 1218,
 1219,
 1220,
 1221,
 1222,
 1223,
 1224,
 1225,
 1226,
 1227,
 1228,
 1229,
 1230,
 1232,
 1233,
 1234,
 1235,
 1236,
 1237,
 1238,
 1239,
 1240,
 1241,
 1242,
 1243,
 1244,
 1245,
 1246,
 1247,
 1248,
 1249,
 1250,
 1251,
 1252,
 1253,
 1254,
 1255,
 1256,
 1257,
 1258,
 1259,
 1260,
 1262,
 1263,
 1264,
 1265,
 1266,
 1267,
 1268,
 1269,
 1270,
 1271,
 1272,
 1273,
 1274,
 1278,
 1279,
 1280,
 1281,
 1282,
 1283,
 1284,
 1285,
 1286,
 1287,
 1288,
 1289,
 1290,
 1292,
 1293,
 1294,
 1295,
 1296,
 1297,
 1298,
 1299,
 1300,
 1301,
 1302,
 1303,
 1304,
 1309,
 1310,
 1311,
 1312,
 1313,
 1314,
 1315,
 1316,
 1317,
 1318,
 1319,
 1320,
 1321,
 1322,
 1323,
 1324,
 1325,
 1326,
 1327,
 1328,
 1329,
 1330,
 1331,
 1332,
 1333,
 1334,
 1340,
 1341,
 1342,
 1343,
 1344,
 1345,
 1346,
 1347,
 1348,
 1349,
 1350,
 1351,
 1352,
 1353,
 1354,
 1355,
 1356,
 1357,
 1358,
 1359,
 1360,
 1361,
 1362,
 1363,
 1371,
 1372,
 1373,
 1374,
 1375,
 1376,
 1377,
 1378,
 1379,
 1380,
 1382,
 1383,
 1384,
 1385,
 1386,
 1387,
 1388,
 1389,
 1390,
 1391,
 1401,
 1402,
 1403,
 1404,
 1405,
 1406,
 1407,
 1408,
 1409,
 1410,
 1413,
 1414,
 1415,
 1416,
 1417,
 1418,
 1419,
 1420,
 1430,
 1431,
 1432,
 1433,
 1434,
 1435,
 1436,
 1437,
 1438,
 1439,
 1440,
 1447,
 1448,
 1449,
 1450,
 1460,
 1461,
 1462,
 1463,
 1464,
 1465,
 1466,
 1467,
 1468,
 1469,
 1470,
 1478,
 1479,
 1491,
 1492,
 1493,
 1494,
 1495,
 1496,
 1497,
 1498,
 1499,
 1500,
 1521,
 1522,
 1523,
 1524,
 1525,
 1526,
 1527,
 1528,
 1529,
 1530,
 1531,
 1532,
 1553,
 1554,
 1555,
 1556,
 1560,
 1561,
 1562,
 1563,
 1564,
 1583,
 1584,
 1585,
 1586,
 1590,
 1591,
 1613,
 1620,
 &
