# EXCH2 Package: Wrapper-2 User Choice
#--------------------
#  preDefTopol   :: pre-defined Topology selector:
#                :: = 0 : topology defined from processing "data.exch2";
#                :: = 1 : simple, single facet topology;
#                :: = 2 : customized topology (w2_set_myown_facets)
#                :: = 3 : 6-facet Cube (3 face-dims: nRed, nGreen, nBlue).
#  dimsFacets    :: facet pair of dimensions (n1x,n1y, n2x,n2y ...)
#  facetEdgeLink :: Face-Edge connectivity map:
#    facetEdgeLink(i,j)=XX.1 : face(j)-edge(i) (i=1,2,3,4 <==> N,S,E,W)
#    is connected to Northern edge of face "XX" ; similarly,
#    = XX.2 : to Southern.E, XX.3 = Eastern.E, XX.4 = Western.E of face "XX"
#  blankList     :: List of "blank" tiles
#  W2_mapIO      :: global map IO selector (-1 = old type ; 0 = 1 long line in X
#                :: 1 = compact, mostly in Y dir)
#  W2_printMsg   :: option for information messages printing
#                :: <0 : write to log file ; =0 : minimum print ; 
#                :: =1 : no duplicated print ; =2 : all processes do print
#--------------------
 &W2_EXCH2_PARM01
  W2_printMsg= 0,
  W2_mapIO   = 1,
#
#-- 5 facets llc_270 topology (drop facet 6 and its connection):
  preDefTopol = 0,
  dimsFacets = 1080,  1260, 0, 0, 1080, 1080, 540, 1080,  1260, 1080, 0, 0,
  facetEdgeLink(1,1)= 3.4, 0. , 0. , 5.1,
  facetEdgeLink(1,2)= 0. , 0. , 0. , 0. ,
  facetEdgeLink(1,3)= 5.4, 0. , 4.4, 1.1,
  facetEdgeLink(1,4)= 0. , 0. , 0. , 3.3,
  facetEdgeLink(1,5)= 1.4, 0. , 0. , 3.1,
  blankList = 
1,
2,
3,
4,
5,
6,
7,
8,
9,
10,
11,
12,
13,
14,
15,
16,
17,
18,
25,
26,
27,
28,
29,
30,
31,
32,
33,
34,
35,
36,
42,
43,
44,
45,
46,
47,
48,
49,
50,
51,
52,
53,
54,
60,
61,
62,
63,
64,
65,
66,
67,
68,
69,
70,
71,
72,
78,
79,
80,
81,
82,
83,
84,
85,
86,
87,
88,
89,
90,
96,
97,
98,
99,
100,
101,
102,
103,
104,
105,
106,
107,
108,
115,
116,
117,
118,
119,
120,
121,
122,
123,
124,
125,
126,
134,
135,
136,
137,
138,
139,
140,
141,
142,
143,
144,
152,
153,
154,
155,
156,
157,
158,
159,
160,
161,
162,
169,
170,
171,
172,
173,
174,
175,
176,
177,
178,
179,
180,
189,
190,
191,
192,
193,
194,
195,
196,
197,
198,
207,
208,
209,
210,
211,
212,
213,
214,
215,
216,
226,
227,
228,
229,
230,
231,
232,
233,
234,
244,
245,
246,
247,
248,
249,
250,
251,
252,
262,
263,
264,
265,
266,
267,
268,
269,
270,
280,
281,
282,
283,
284,
285,
286,
287,
288,
298,
299,
300,
301,
302,
303,
304,
305,
306,
317,
318,
319,
320,
321,
322,
323,
324,
336,
337,
338,
339,
340,
341,
342,
354,
355,
356,
357,
358,
359,
360,
361,
378,
384,
385,
386,
387,
388,
389,
390,
391,
392,
393,
394,
395,
396,
406,
407,
413,
414,
431,
432,
598,
599,
600,
615,
616,
617,
618,
619,
621,
632,
633,
634,
635,
636,
637,
640,
649,
650,
651,
652,
653,
667,
668,
669,
670,
671,
684,
685,
686,
687,
696,
697,
698,
699,
700,
701,
702,
703,
704,
705,
706,
707,
708,
709,
710,
711,
712,
713,
714,
715,
716,
717,
718,
719,
720,
721,
722,
723,
724,
725,
726,
727,
728,
729,
730,
731,
732,
733,
734,
735,
736,
740,
741,
742,
749,
750,
751,
758,
759,
760,
803,
804,
806,
812,
813,
814,
815,
821,
822,
823,
824,
830,
831,
832,
833,
839,
840,
841,
842,
847,
848,
849,
850,
851,
856,
857,
858,
859,
860,
861,
865,
866,
867,
868,
869,
870,
871,
872,
873,
874,
875,
876,
877,
878,
879,
880,
881,
882,
883,
884,
885,
886,
887,
888,
889,
890,
891,
892,
893,
894,
895,
896,
897,
898,
899,
900,
901,
902,
903,
904,
905,
906,
907,
908,
909,
910,
911,
912,
913,
914,
915,
916,
917,
918,
919,
920,
921,
922,
923,
924,
925,
926,
927,
928,
929,
930,
931,
932,
933,
934,
935,
936,
937,
938,
939,
940,
941,
942,
943,
944,
945,
946,
947,
948,
949,
950,
951,
952,
953,
954,
955,
956,
957,
958,
959,
960,
961,
962,
963,
964,
965,
966,
967,
968,
969,
970,
971,
972,
973,
974,
975,
976,
977,
978,
979,
980,
981,
982,
983,
984,
985,
986,
987,
988,
989,
990,
991,
992,
993,
994,
995,
996,
997,
998,
999,
1000,
1001,
1002,
1003,
1004,
1008,
1009,
1010,
1011,
1012,
1013,
1014,
1015,
1016,
1017,
1018,
1019,
1020,
1021,
1022,
1023,
1024,
1025,
1029,
1030,
1031,
1032,
1033,
1034,
1035,
1036,
1037,
1038,
1039,
1040,
1041,
1042,
1043,
1044,
1045,
1046,
1051,
1052,
1053,
1054,
1055,
1056,
1057,
1058,
1059,
1060,
1061,
1062,
1063,
1064,
1065,
1066,
1073,
1074,
1076,
1077,
1078,
1079,
1080,
1081,
1082,
1083,
1084,
1085,
1094,
1095,
1098,
1099,
1100,
1101,
1102,
1103,
1104,
1105,
1115,
1116,
1123,
1124,
1125,
1126,
1136,
1137,
1145,
1146,
1158,
1179,
1180,
1181,
1182,
1200,
1201,
1202,
1203,
1204,
1221,
1222,
1242,
 &
