9.1223628653109E-02
9.0381653396894E-02
8.9657168748289E-02
8.9011903363923E-02
1.0766324505967E-01
1.3471483435050E-01
1.4737439404650E-01
1.5365902725138E-01
1.5813355577982E-01
1.5977504093343E-01
1.5818942810270E-01
1.5515142872996E-01
1.5228491485038E-01
1.5276130154601E-01
1.5644407514135E-01
1.6140901679038E-01
1.6739234139112E-01
1.7405011447409E-01
1.8134437854429E-01
1.8933550494414E-01
1.9776998100568E-01
2.0607453223272E-01
2.1363830760990E-01
2.2002234502423E-01
2.2504531510802E-01
2.2880281093214E-01
2.3189243055615E-01
2.3477599368649E-01
2.3697225757491E-01
2.3834978645962E-01
2.3875248709859E-01
2.3810838882580E-01
2.3660016911880E-01
2.3459361235609E-01
2.3212816654183E-01
2.2954658836260E-01
2.2718303505523E-01
2.2555091487954E-01
2.2495368573821E-01
2.2480125598536E-01
2.2490314418662E-01
2.2502652289547E-01
2.2496557626564E-01
2.2458171749414E-01
2.2380462423384E-01
2.2261065765171E-01
2.2099716383095E-01
2.1896721234855E-01
2.1652781272011E-01
2.1369479123618E-01
2.1056490816972E-01
2.0769638995031E-01
2.0459607916297E-01
2.0135457785534E-01
1.9807303294220E-01
1.9484963935927E-01
1.9176418360624E-01
1.8886539314561E-01
1.8616515402996E-01
1.8364218796046E-01
1.8125528627845E-01
1.7895836242875E-01
1.7671180545668E-01
1.7448716628608E-01
1.7226419479438E-01
1.7002306217557E-01
1.6773590157382E-01
1.6563915029434E-01
1.6577805325318E-01
1.8587435606235E-01
2.0770071108393E-01
2.2926538597009E-01
2.4711039460638E-01
2.6061683035393E-01
2.6976128116278E-01
2.7502211160400E-01
2.8397005365133E-01
2.9225774320452E-01
2.9625926062561E-01
2.9685565834464E-01
2.9507380217146E-01
3.0171452052275E-01
3.0389800011535E-01
3.0318851572658E-01
2.9890389479219E-01
2.9234967321390E-01
2.9545321450909E-01
2.9171971906099E-01
2.8295504922554E-01
2.7874308581533E-01
2.7272503292344E-01
2.6945766103928E-01
2.6520288886007E-01
2.6009502752092E-01
2.5437034871482E-01
2.4829638560007E-01
2.4216197246719E-01
2.3885316778677E-01
2.3433120008270E-01
2.2852614144498E-01
2.2186935988455E-01
2.1600698064308E-01
2.1113902116185E-01
2.0657010853576E-01
2.0177729859028E-01
1.9661862227042E-01
1.9097252216980E-01
1.8475920638340E-01
1.7791354960448E-01
1.7075617228510E-01
1.6472571153002E-01
1.5729399766015E-01
1.5218933837734E-01
1.5770320361376E-01
1.5759584570538E-01
1.5952165260734E-01
1.6169372046930E-01
1.6331262362767E-01
1.6437444282027E-01
1.6493985471786E-01
1.6512074985616E-01
1.6505747261229E-01
1.6489027300020E-01
1.6473092567477E-01
1.6464196934844E-01
1.6462187830799E-01
1.7452599981455E-01
1.9130346509839E-01
2.0060774215052E-01
2.1545361360539E-01
2.2252460365593E-01
2.2036575389218E-01
2.1004758015902E-01
1.9585291229295E-01
1.7914284664164E-01
1.9962919297366E-01
2.2083729845743E-01
2.3087322854118E-01
2.2834840325837E-01
2.1364245419382E-01
1.8857481676718E-01
1.6206406761527E-01
1.6471454520994E-01
1.5932381809160E-01
1.7676117628289E-01
2.1002996113741E-01
2.3633539968017E-01
2.5373401572882E-01
2.6196750565105E-01
2.6138182846909E-01
2.5271184003225E-01
2.3732762167841E-01
2.1663843747917E-01
1.9247886459545E-01
1.6750497221964E-01
1.6620894539487E-01
1.6917447431713E-01
1.6687284942428E-01
1.6612050025983E-01
1.7874879899137E-01
1.9909592918044E-01
2.1274647265725E-01
2.3018090482254E-01
2.4283857921236E-01
2.4670636751663E-01
2.4213996984061E-01
2.2989546134522E-01
2.2247804066128E-01
2.3340488126692E-01
2.3703890924046E-01
2.3361859965872E-01
2.2366155823225E-01
2.0794167496028E-01
2.2545317550448E-01
2.4557496785465E-01
2.5855055229883E-01
2.6375859801947E-01
2.6137569620925E-01
2.5225653786904E-01
2.3757952171335E-01
2.1878159635558E-01
1.9731028986937E-01
1.8758737614516E-01
2.0248328649745E-01
2.1569732934209E-01
2.3144576296332E-01
2.4985810360653E-01
2.6295520187949E-01
2.7028023215832E-01
2.7515934347485E-01
2.7155716852383E-01
2.6027454217182E-01
2.4259875099679E-01
2.2004965528345E-01
1.9412538533464E-01
1.7057887170255E-01
1.5965881930380E-01
1.4766126746014E-01
1.4157279473969E-01
1.5206293231351E-01
1.5581152005874E-01
1.5353627878710E-01
1.4572215330735E-01
1.4720246748778E-01
1.5039782365633E-01
1.5241375085773E-01
1.5318546073079E-01
1.5261316531820E-01
1.5073956039895E-01
1.4756255300416E-01
1.4311216138865E-01
1.3747235147790E-01
1.3722926824653E-01
1.4548535832625E-01
1.4794761882244E-01
1.4538535291676E-01
1.3916240371495E-01
1.3948129054344E-01
1.4031962991642E-01
1.4105894581495E-01
1.4253177052307E-01
1.4409607504192E-01
1.4571887765149E-01
1.4736933599081E-01
1.4901531057656E-01
1.5062391306511E-01
1.5216186111879E-01
1.5359535291706E-01
1.5488982233807E-01
1.5600967461658E-01
1.5691809445452E-01
1.5757788008527E-01
1.5795238667938E-01
1.5800740423417E-01
1.5771370475148E-01
1.5704993478050E-01
1.5600556313493E-01
1.5458338307278E-01
1.5280113504571E-01
1.5069247443969E-01
1.4830654881765E-01
